2414
200 578
200 579
200 580
200 581
200 582
200 583
200 584
200 585
200 586
200 587
200 588
200 589
200 590
200 591
200 592
200 593
200 594
200 595
200 596
201 597
201 598
201 599
201 600
201 601
201 602
201 603
201 604
201 605
201 607
201 608
201 609
202 610
202 611
202 612
202 613
202 614
202 615
202 616
202 617
202 618
202 619
203 620
203 621
203 622
203 623
203 624
203 625
203 626
203 627
203 628
204 629
204 630
204 631
204 632
204 633
204 634
204 635
204 636
205 637
205 638
205 639
205 640
205 641
205 642
205 643
206 644
206 645
206 646
206 647
206 648
206 649
206 650
207 651
207 652
207 653
207 654
207 655
207 656
208 657
208 658
208 659
208 660
208 661
209 662
209 663
209 664
209 665
209 666
209 667
210 668
210 669
210 670
210 671
210 672
211 673
211 674
211 675
211 676
211 677
212 678
212 679
212 680
212 681
212 682
213 683
213 684
213 685
213 686
214 687
214 688
214 689
214 690
214 691
215 692
215 693
215 694
215 695
216 696
216 697
216 698
216 699
217 700
217 701
217 702
217 703
218 703
218 704
218 705
218 706
219 707
219 708
219 709
219 710
220 711
220 712
220 713
220 714
221 715
221 716
221 717
222 718
222 719
222 720
222 721
223 722
223 723
223 724
223 725
224 726
224 727
224 728
225 729
225 730
226 731
226 732
226 733
226 734
227 735
227 736
227 737
228 738
228 739
228 740
229 741
229 742
229 743
230 744
230 745
230 746
231 747
231 748
232 749
232 750
232 751
233 752
233 753
234 754
234 755
235 756
235 757
235 758
236 759
237 760
237 761
238 762
238 763
239 764
239 765
240 766
241 767
242 768
242 769
243 770
243 771
244 772
245 772
245 773
246 774
246 775
247 776
248 777
249 778
250 779
250 780
251 781
252 782
253 782
253 783
254 784
255 785
256 786
257 787
258 788
259 789
260 789
260 790
261 791
262 792
263 793
264 793
265 794
265 795
266 796
267 796
268 797
269 798
270 799
271 799
272 800
273 801
274 802
275 802
276 803
277 804
278 804
279 805
278 805
279 805
280 806
281 807
282 807
283 808
284 809
285 809
286 810
287 810
288 811
289 812
290 812
291 813
292 813
293 814
294 814
295 815
296 815
297 816
298 816
299 816
300 817
301 817
302 818
303 818
304 818
305 819
306 819
307 819
308 819
309 820
310 820
311 820
312 820
313 821
314 821
315 821
316 821
317 821
318 821
319 822
320 822
321 822
322 822
323 822
324 822
325 822
326 822
327 822
328 822
329 822
330 822
331 822
332 822
333 822
334 822
335 821
336 821
337 821
338 821
339 821
340 821
341 820
342 820
343 820
344 820
345 820
346 820
347 819
348 819
349 819
350 819
351 819
352 819
353 818
354 818
355 818
356 818
357 818
358 818
359 817
360 817
361 817
362 817
363 817
364 817
365 817
366 816
367 816
368 816
369 816
370 816
371 816
372 815
373 815
374 815
375 815
376 815
377 815
378 815
379 815
380 814
381 814
382 814
383 814
384 814
385 814
386 814
387 813
388 813
389 813
390 813
391 813
392 813
393 813
394 813
395 812
396 812
397 812
398 812
399 812
400 812
401 812
402 812
403 811
404 811
405 811
406 811
407 811
408 811
409 811
410 811
411 811
412 810
413 810
414 810
415 810
416 810
417 810
418 810
419 810
420 810
421 810
422 809
423 809
424 809
425 809
426 809
427 809
428 809
429 809
430 809
431 809
432 809
433 809
434 808
435 808
436 808
437 808
438 808
439 808
440 808
441 808
442 808
443 808
444 808
445 808
446 808
447 807
448 807
449 807
450 807
451 807
452 807
453 807
454 807
455 807
456 807
457 807
458 807
459 807
460 807
461 807
462 807
463 806
464 806
465 806
466 806
467 806
468 806
469 806
470 806
471 806
472 806
473 806
474 806
475 806
476 806
477 806
478 806
479 806
480 806
481 806
482 806
483 806
484 806
485 805
486 805
487 805
488 805
489 805
490 805
491 805
492 805
493 805
494 805
495 805
496 805
497 805
498 805
499 805
500 805
501 805
502 805
503 805
504 805
505 805
506 805
507 805
508 805
509 805
510 805
511 805
512 805
513 805
514 805
515 805
516 805
517 805
518 805
519 805
518 805
519 805
520 805
521 805
522 805
523 805
524 805
525 805
526 805
527 805
528 805
529 805
530 805
531 805
532 805
533 805
534 805
535 805
536 805
537 805
538 805
539 805
540 805
541 805
542 805
543 805
544 805
545 805
546 805
547 805
548 805
549 805
550 805
551 805
552 805
553 805
554 805
555 805
556 805
557 805
558 805
559 805
560 805
561 805
562 805
563 805
564 805
565 805
566 805
567 805
568 805
569 805
570 805
571 805
572 805
573 805
574 805
575 805
576 805
577 805
578 805
579 805
580 805
581 805
582 805
583 805
584 805
585 805
586 805
587 805
588 805
589 805
590 805
591 805
592 805
593 805
594 805
595 805
596 805
597 805
598 805
599 805
600 805
601 805
602 805
603 805
604 805
605 805
606 805
607 805
608 805
609 805
610 805
611 805
612 805
613 805
614 805
615 805
616 805
617 805
618 805
619 805
620 805
621 805
622 805
623 805
624 805
625 805
626 805
627 805
628 805
629 805
630 805
631 805
632 805
633 805
634 805
635 805
636 805
637 805
638 805
639 805
640 805
641 805
642 805
643 805
644 805
645 805
646 805
647 805
648 805
649 805
650 805
651 805
652 805
653 805
654 805
655 805
656 805
657 805
658 805
659 805
660 805
661 805
662 805
663 805
664 805
665 805
666 805
667 805
668 805
669 805
670 805
671 805
672 805
673 805
674 805
675 805
676 805
677 805
678 805
679 805
680 805
681 805
682 805
683 805
684 805
685 805
686 805
687 805
688 805
689 805
690 805
691 805
692 805
693 805
694 805
695 805
696 805
697 805
698 805
699 805
700 805
701 805
702 805
703 805
704 805
705 805
706 805
707 805
708 805
709 805
710 805
711 805
712 805
713 805
714 805
715 805
716 805
717 805
718 805
719 805
720 805
721 805
722 805
723 805
724 805
725 805
726 805
727 805
728 805
729 805
730 805
731 805
732 805
733 805
734 805
735 805
736 805
737 805
738 805
739 805
740 805
741 805
742 805
743 805
744 805
745 805
746 805
747 805
748 805
749 805
750 805
751 805
752 805
753 805
754 805
755 805
756 805
757 805
758 804
759 804
758 805
759 804
760 804
761 804
762 804
763 804
764 804
765 804
766 804
767 804
768 804
769 804
770 804
771 804
772 804
773 804
774 804
775 804
776 804
777 804
778 804
779 804
780 804
781 804
782 804
783 804
784 804
785 804
786 804
787 804
788 804
789 804
790 804
791 804
792 804
793 804
794 804
795 804
796 804
797 804
798 804
799 804
800 804
801 804
802 804
803 804
804 804
805 804
806 804
807 804
808 804
809 804
810 804
811 804
812 804
813 804
814 804
815 804
816 804
817 804
818 804
819 804
820 804
821 804
822 804
823 804
824 804
825 804
826 804
827 804
828 804
829 804
830 804
831 804
832 804
833 804
834 804
835 804
836 804
837 804
838 804
839 804
840 804
841 804
842 804
843 804
844 804
845 804
846 804
847 804
848 804
849 804
850 804
851 804
852 804
853 804
854 804
855 804
856 804
857 804
858 804
859 804
860 804
861 804
862 804
863 804
864 804
865 804
866 804
867 804
868 804
869 804
870 804
871 804
872 804
873 804
874 804
875 804
876 804
877 804
878 804
879 804
880 804
881 804
882 804
883 804
884 804
885 804
886 804
887 804
888 804
889 804
890 804
891 804
892 804
893 804
894 804
895 804
896 804
897 804
898 804
899 804
900 804
901 804
902 804
903 804
904 804
905 804
906 804
907 804
908 804
909 804
910 804
911 804
912 804
913 804
914 804
915 804
916 804
917 804
918 804
919 804
920 804
921 804
922 804
923 804
924 804
925 804
926 804
927 804
928 804
929 804
930 804
931 804
932 804
933 804
934 803
935 803
936 803
937 803
938 803
939 803
940 803
941 803
942 803
943 803
944 803
945 803
946 803
947 803
948 803
949 803
950 803
951 803
952 803
953 803
954 803
955 803
956 803
957 803
958 803
959 803
960 803
961 803
962 803
963 803
964 803
965 803
966 803
967 803
968 803
969 803
970 803
971 803
972 803
973 803
974 803
975 803
976 803
977 803
978 803
979 803
980 803
981 803
982 803
983 803
984 803
985 803
986 803
987 803
988 803
989 803
990 803
991 803
992 803
993 803
994 803
995 803
996 803
997 802
998 801
998 803
998 802
999 801
1000 800
1001 799
1002 798
1003 798
1004 797
1005 796
1006 795
1007 794
1008 793
1009 793
1009 792
1010 791
1011 790
1012 789
1013 788
1014 787
1015 786
1016 785
1016 784
1017 783
1018 782
1018 781
1019 781
1020 780
1020 779
1021 778
1021 777
1022 776
1023 775
1023 774
1024 773
1024 772
1025 772
1025 771
1026 770
1026 769
1027 768
1027 767
1028 766
1028 765
1028 764
1029 763
1029 762
1029 761
1030 760
1030 759
1031 759
1031 758
1031 757
1031 756
1032 755
1032 754
1032 753
1032 752
1033 751
1033 750
1033 749
1033 748
1033 747
1034 746
1034 745
1034 744
1034 743
1034 742
1035 741
1035 740
1035 739
1035 738
1035 737
1036 736
1036 735
1036 734
1036 733
1036 732
1037 731
1037 730
1037 729
1037 728
1037 727
1038 726
1038 725
1038 724
1038 723
1038 722
1038 721
1039 720
1039 719
1039 718
1039 717
1039 716
1039 715
1040 714
1040 713
1040 712
1040 711
1040 710
1040 709
1041 708
1041 707
1041 706
1041 705
1041 704
1041 703
1042 702
1042 701
1042 700
1042 699
1042 698
1042 697
1042 696
1043 695
1043 694
1043 693
1043 692
1043 691
1043 690
1043 689
1043 688
1044 687
1044 686
1044 685
1044 684
1044 683
1044 682
1044 681
1044 680
1045 679
1045 678
1045 677
1045 676
1045 675
1045 674
1045 673
1045 672
1045 671
1045 670
1046 669
1046 668
1046 667
1046 666
1046 665
1046 664
1046 663
1046 662
1046 661
1046 660
1047 659
1047 658
1047 657
1047 656
1047 655
1047 654
1047 653
1047 652
1047 651
1047 650
1047 649
1047 648
1047 647
1048 646
1048 645
1048 644
1048 643
1048 642
1048 640
1048 639
1048 638
1048 637
1048 636
1048 635
1048 634
1048 633
1048 632
1048 631
1048 630
1048 629
1049 628
1049 627
1049 626
1049 625
1049 624
1049 623
1049 622
1049 621
1049 620
1049 619
1049 618
1049 617
1049 616
1049 615
1049 614
1049 613
1049 612
1049 611
1049 610
1049 609
1049 608
1049 607
1049 606
1049 605
1049 604
1049 603
1049 602
1049 601
1049 600
1049 599
1049 598
1049 597
1049 596
1049 595
1049 594
1049 593
1049 592
1049 591
1049 590
1049 589
1049 588
1049 587
1049 586
1049 585
1049 583
1049 582
1049 581
1049 580
1049 579
1049 578
1049 577
1049 576
1049 575
1049 574
1049 573
1049 572
1049 571
1049 570
1049 569
1049 568
1049 567
1049 568
1048 566
1048 565
1048 564
1048 563
1048 562
1048 561
1048 560
1048 559
1048 558
1048 557
1048 556
1048 555
1048 554
1048 553
1048 552
1048 551
1048 550
1048 549
1048 548
1048 547
1048 546
1047 545
1047 544
1047 543
1047 542
1047 541
1047 540
1047 539
1047 538
1047 537
1047 536
1047 535
1047 534
1047 533
1047 532
1046 531
1046 530
1046 529
1046 528
1046 527
1046 526
1046 525
1046 524
1046 523
1046 522
1046 520
1045 519
1045 518
1045 517
1045 516
1045 515
1045 514
1045 513
1045 512
1045 511
1045 510
1044 509
1044 508
1044 507
1044 506
1044 505
1044 504
1044 503
1044 502
1044 501
1043 500
1043 499
1043 498
1043 497
1043 496
1043 495
1043 494
1043 493
1042 492
1042 491
1042 490
1042 489
1042 488
1042 487
1042 486
1041 485
1041 484
1041 483
1041 482
1041 481
1041 480
1041 479
1040 478
1040 477
1040 476
1040 475
1040 474
1040 473
1040 472
1039 471
1039 470
1039 469
1039 468
1039 467
1039 466
1038 465
1038 464
1038 463
1038 462
1038 461
1038 460
1037 459
1037 458
1037 457
1037 456
1037 455
1036 454
1036 453
1036 452
1036 451
1036 450
1035 449
1035 448
1035 447
1035 446
1035 445
1034 444
1034 443
1034 442
1034 441
1034 440
1033 439
1033 438
1033 437
1033 436
1033 435
1032 434
1032 433
1032 432
1032 431
1031 430
1031 429
1031 428
1031 427
1031 426
1030 425
1030 424
1030 423
1030 422
1029 421
1029 420
1029 419
1029 418
1028 417
1028 416
1028 415
1028 414
1028 413
1027 412
1027 411
1027 410
1027 409
1026 408
1026 407
1026 406
1025 405
1025 404
1025 403
1025 402
1024 401
1024 400
1024 399
1024 398
1023 397
1023 396
1023 395
1022 394
1022 393
1022 392
1022 391
1021 390
1021 389
1021 388
1021 387
1020 386
1020 385
1020 384
1019 383
1019 382
1018 381
1018 380
1017 379
1017 378
1017 377
1016 376
1016 375
1015 374
1015 373
1014 372
1014 371
1013 371
1013 370
1012 369
1012 368
1011 367
1011 366
1010 365
1010 364
1009 364
1008 363
1008 362
1007 361
1006 360
1006 359
1005 358
1004 358
1004 357
1003 356
1002 355
1002 354
1001 353
1000 353
999 352
999 351
998 350
997 349
996 348
995 348
994 347
994 346
993 345
992 344
991 344
990 343
989 342
988 341
987 341
986 340
985 339
984 338
983 338
982 337
981 336
983 337
982 336
981 335
980 334
979 334
978 333
977 332
976 332
975 331
974 330
973 330
972 329
971 328
970 328
969 327
968 327
967 326
966 326
965 325
964 325
963 324
962 324
961 324
960 323
959 323
958 322
957 322
956 322
955 321
954 321
953 321
952 320
951 320
950 320
949 320
948 319
947 319
946 319
945 319
944 319
943 319
942 318
941 318
940 318
939 318
938 318
937 318
936 318
935 318
934 318
933 318
932 318
931 318
930 318
929 318
928 318
927 318
926 319
925 319
924 319
923 319
922 319
921 319
920 320
919 320
918 320
917 320
916 320
915 321
914 321
913 321
912 321
911 321
910 321
909 322
908 322
907 322
906 322
905 322
904 322
903 323
902 323
901 323
900 323
899 323
898 323
897 324
896 324
895 324
894 324
893 324
892 324
891 325
890 325
889 325
888 325
887 325
886 325
885 325
884 326
883 326
882 326
881 326
880 326
879 326
878 327
877 327
876 327
875 327
874 327
873 327
872 327
871 327
870 328
869 328
868 328
867 328
866 328
865 328
864 328
863 329
862 329
861 329
860 329
859 329
858 329
857 329
856 329
855 329
854 330
853 330
852 330
851 330
850 330
849 330
848 330
847 330
846 330
845 331
844 331
843 331
842 331
841 331
840 331
839 331
838 331
837 331
836 332
835 332
834 332
833 332
832 332
831 332
830 332
829 332
828 332
827 332
826 332
825 333
824 333
823 333
822 333
821 333
820 333
819 333
818 333
817 333
816 333
815 333
814 333
813 333
812 334
811 334
810 334
809 334
808 334
807 334
806 334
805 334
804 334
803 334
802 334
801 334
800 334
799 334
798 334
797 334
796 335
795 335
794 335
793 335
792 335
791 335
790 335
789 335
788 335
787 335
786 335
785 335
784 335
783 335
782 335
781 335
780 335
779 335
778 335
777 335
776 335
775 335
774 336
773 336
772 336
771 336
770 336
769 336
768 336
767 336
766 336
765 336
764 336
763 336
762 336
761 336
760 336
759 336
758 336
757 336
756 336
755 336
754 336
753 336
752 336
751 336
750 336
749 336
748 336
747 336
746 336
745 336
744 336
743 336
742 336
743 337
742 337
741 337
740 337
739 337
738 337
737 337
736 337
735 337
734 337
733 337
732 337
731 337
730 337
729 337
728 337
727 337
726 337
725 337
724 337
723 337
722 337
721 337
720 337
719 337
718 337
717 337
716 337
715 337
714 337
713 337
712 337
711 337
710 337
709 337
708 337
707 337
706 337
705 337
704 337
703 337
702 337
701 337
700 337
699 337
698 337
697 337
696 337
695 337
694 337
693 337
692 337
691 337
690 337
689 337
688 337
687 337
686 337
685 337
684 337
683 337
682 337
681 337
680 337
679 337
678 337
677 337
676 337
675 337
674 337
673 337
672 337
671 337
670 337
669 337
668 337
667 337
666 337
665 337
664 337
663 337
662 337
661 337
660 337
659 337
658 337
657 337
656 337
655 337
654 337
653 337
652 337
651 337
650 337
649 337
648 337
647 337
646 337
645 337
644 337
643 337
642 337
641 337
640 337
639 337
638 337
637 337
636 337
635 337
634 337
633 337
632 337
631 337
630 337
629 337
628 337
627 337
626 337
625 337
624 337
623 337
622 337
621 337
620 337
619 337
618 337
617 337
616 337
615 337
614 337
613 337
612 337
611 337
610 337
609 337
608 337
607 337
606 337
605 337
604 337
603 337
602 337
601 337
600 337
599 337
598 337
597 337
596 337
595 337
594 337
593 337
592 337
591 337
590 337
589 337
588 337
587 337
586 337
585 337
584 337
583 337
582 337
581 337
580 337
579 337
578 337
577 337
576 337
575 337
574 337
573 337
572 337
571 337
570 337
569 337
568 337
567 337
566 337
565 337
564 337
563 337
562 337
561 337
560 337
559 337
558 337
557 337
556 337
555 337
554 337
553 337
552 337
551 337
550 337
549 337
548 337
547 337
546 337
545 337
544 337
543 337
542 337
541 337
540 337
539 337
538 337
537 337
536 337
535 337
534 337
533 337
532 337
531 337
530 337
529 337
528 337
527 337
526 337
525 337
524 337
523 337
522 337
521 337
520 337
519 337
518 337
517 337
516 337
515 337
514 337
513 337
512 337
511 337
510 337
509 337
508 337
507 337
506 337
505 337
504 337
503 337
502 337
503 337
502 337
501 336
500 336
499 336
498 336
497 336
496 336
495 336
494 336
493 336
492 336
491 336
490 336
489 336
488 336
487 336
486 336
485 336
484 336
483 336
482 336
481 336
480 336
479 336
478 336
477 336
476 336
475 336
474 336
473 336
472 336
471 336
470 336
469 336
468 336
467 336
466 336
465 336
464 336
463 336
462 336
461 336
460 336
459 335
458 335
457 335
456 335
455 335
454 335
453 335
452 335
451 335
450 335
449 335
448 335
447 335
446 335
445 335
444 335
443 335
442 335
441 334
440 334
439 334
438 334
437 334
436 334
435 334
434 334
433 334
432 334
431 334
430 334
429 334
428 334
427 333
426 333
425 333
424 333
423 333
422 333
421 333
420 333
419 333
418 333
417 333
416 332
415 332
414 332
413 332
412 332
411 332
410 332
409 332
408 332
407 332
406 332
405 331
404 331
403 331
402 331
401 331
400 331
399 331
398 331
397 331
396 330
395 330
394 330
393 330
392 330
391 330
390 330
389 330
388 329
387 329
386 329
385 329
384 329
383 329
382 329
381 329
380 328
379 328
378 328
377 328
376 328
375 328
374 328
373 327
372 327
371 327
370 327
369 327
368 327
367 327
366 326
365 326
364 326
363 326
362 326
361 326
360 326
359 325
358 325
357 325
356 325
355 325
354 325
353 324
352 324
351 324
350 324
349 324
348 324
347 323
346 323
345 323
344 323
343 323
342 323
341 322
340 322
339 322
338 322
337 322
336 322
335 321
334 321
333 321
332 321
331 321
330 320
329 320
328 320
327 320
326 320
325 320
324 319
323 319
322 319
321 319
320 319
319 319
318 318
317 318
316 318
315 318
314 318
313 318
312 318
311 318
310 318
309 318
308 318
307 318
306 318
305 318
304 319
303 319
302 319
301 319
300 319
299 319
298 320
297 320
296 320
295 320
294 321
293 321
292 321
291 321
290 322
289 322
288 323
287 323
286 323
285 324
284 324
283 325
282 325
281 326
280 326
279 327
278 327
277 328
276 328
275 329
274 329
273 330
272 331
271 331
270 332
269 333
268 333
267 334
266 335
265 335
264 336
263 337
262 338
263 337
262 337
261 338
260 339
259 340
258 340
257 341
256 342
255 343
254 344
253 344
252 345
251 346
250 347
249 348
248 349
247 350
246 351
245 352
244 353
243 354
242 355
241 356
241 357
240 357
239 358
239 359
238 360
237 361
236 362
236 363
235 363
234 364
234 365
233 366
233 367
232 368
231 369
231 370
230 370
230 371
229 372
229 373
228 374
228 375
227 376
227 377
226 378
226 379
225 379
225 380
224 381
224 382
223 383
223 384
223 385
222 386
222 387
221 388
221 389
221 390
220 391
220 392
219 393
219 394
219 395
219 396
218 397
218 398
218 399
218 400
217 401
217 402
217 403
217 404
216 405
216 406
216 407
216 408
215 409
215 410
215 411
215 412
214 413
214 414
214 415
214 416
214 417
213 418
213 419
213 420
213 421
212 422
212 423
212 424
212 425
212 426
211 426
211 427
211 428
211 429
211 430
210 431
210 432
210 433
210 434
210 435
209 436
209 437
209 438
209 439
209 440
208 441
208 442
208 443
208 444
208 445
208 446
207 447
207 448
207 449
207 450
207 451
207 452
206 453
206 454
206 455
206 456
206 457
206 458
206 459
205 460
205 461
205 462
205 463
205 464
205 465
205 466
204 467
204 468
204 469
204 470
204 471
204 472
204 473
203 474
203 475
203 476
203 477
203 478
203 479
203 480
203 481
203 482
202 483
202 484
202 485
202 486
202 487
202 488
202 489
202 490
202 491
201 492
201 493
201 494
201 495
201 496
201 497
201 498
201 499
201 500
201 501
201 502
201 503
200 504
200 505
200 506
200 507
200 508
200 509
200 510
200 511
200 512
200 513
200 514
200 515
200 516
200 517
200 518
199 520
199 521
199 522
199 523
199 524
199 525
199 526
199 527
199 528
199 529
199 530
199 531
199 532
199 533
199 534
199 535
199 536
199 537
199 538
199 539
199 540
199 541
199 542
199 543
199 544
199 545
199 546
199 547
199 548
199 549
199 550
199 551
199 552
199 553
199 554
199 555
199 557
199 558
199 559
199 560
199 561
199 562
199 563
199 564
199 565
199 566
199 567
199 568
199 569
199 570
199 571
199 572
199 573
199 574
199 575
199 576
199 577
199 578
