2568
200 289
199 290
198 291
197 292
196 293
195 294
194 295
193 296
192 297
191 298
191 299
190 300
189 301
188 302
187 303
187 304
186 305
185 306
184 307
184 308
183 309
182 310
182 311
181 312
180 313
180 314
179 315
179 316
178 317
177 318
177 319
176 320
176 321
175 322
175 323
174 324
174 325
173 326
173 327
173 328
172 329
172 330
171 331
171 332
171 333
170 334
170 335
170 336
170 337
169 338
169 339
169 340
169 341
168 342
168 343
168 344
168 345
168 346
167 347
167 348
167 349
167 350
167 351
167 352
167 353
167 354
167 355
167 356
167 357
167 358
167 359
167 360
167 361
167 362
167 363
167 364
167 365
167 366
167 367
167 368
167 369
167 370
167 371
167 372
168 373
168 374
168 375
168 376
168 377
168 378
168 379
168 380
169 381
169 382
169 383
169 384
169 385
169 386
170 387
170 388
170 389
170 390
170 391
171 392
171 393
171 394
171 395
172 396
172 397
172 398
172 399
173 400
173 401
173 402
173 403
174 404
174 405
174 406
175 407
175 408
175 409
176 410
176 411
176 412
177 413
177 414
177 415
178 416
178 417
179 418
179 419
179 420
180 421
180 422
180 423
181 424
181 425
182 426
182 427
183 428
183 429
184 430
184 431
184 432
185 433
185 434
186 435
186 436
187 437
187 438
188 439
188 440
189 441
189 442
190 443
190 444
191 445
192 446
192 447
193 448
193 449
194 450
194 451
195 452
196 453
196 454
197 455
197 456
198 457
199 458
199 459
200 459
200 460
201 460
201 461
202 462
203 463
203 464
204 465
205 466
205 467
206 468
207 469
207 470
208 471
209 471
210 472
210 473
211 474
212 475
213 476
214 477
215 478
216 479
217 480
218 480
219 481
219 482
220 482
221 483
222 484
223 484
223 485
224 486
225 486
226 487
227 487
228 488
229 489
230 489
231 490
232 490
233 491
234 491
235 492
236 493
237 493
238 493
239 494
240 494
241 495
242 495
243 496
244 496
245 496
245 497
246 497
247 498
248 498
249 498
250 499
251 499
252 500
253 500
254 500
255 501
256 502
257 502
258 502
259 503
260 503
261 504
262 504
263 504
264 505
265 505
266 505
267 506
268 507
269 507
270 507
271 508
272 508
273 508
274 509
275 509
276 510
277 510
278 510
279 511
280 511
281 511
282 512
283 512
284 513
285 513
286 513
287 514
288 514
289 514
290 515
291 515
292 515
293 516
294 516
295 516
296 517
297 517
298 517
299 518
300 518
301 518
301 519
302 519
303 519
304 520
305 520
306 520
307 521
308 521
309 521
310 521
311 522
312 522
313 522
314 523
315 523
316 523
317 523
318 524
319 524
320 524
321 525
322 525
323 525
324 525
325 526
326 526
327 526
328 527
329 527
330 527
331 527
332 528
333 528
334 528
335 528
336 529
337 529
338 529
339 530
340 530
341 530
342 530
343 531
344 531
345 531
346 531
347 532
348 532
349 532
350 532
351 533
352 533
353 533
354 533
355 533
356 533
357 533
358 534
359 534
360 534
361 534
362 534
363 534
364 535
365 535
366 535
367 535
368 535
369 535
370 535
371 536
372 536
373 536
374 536
375 536
376 536
377 536
378 536
379 536
380 536
381 536
382 536
383 536
384 536
385 536
386 537
387 537
388 537
389 537
390 536
391 536
392 536
393 536
394 536
395 536
396 536
397 536
398 536
399 536
400 536
401 536
402 536
403 536
404 536
405 536
406 536
407 536
408 536
409 536
410 536
411 535
412 535
413 535
414 535
415 535
416 535
417 535
418 535
419 535
420 535
421 535
422 535
423 535
424 535
425 535
426 535
427 535
428 535
429 535
430 535
431 535
432 534
433 534
434 534
435 534
436 534
437 534
438 534
439 534
440 534
441 534
442 534
443 534
444 534
445 534
446 534
447 534
448 534
449 534
450 534
451 534
452 534
453 534
454 534
455 534
456 534
457 534
458 534
459 534
460 534
461 534
462 533
463 533
464 533
465 533
466 533
467 533
468 533
469 533
470 533
471 533
472 533
473 533
474 533
475 533
476 533
477 533
478 533
479 533
480 533
481 533
482 533
483 533
484 533
485 533
486 533
487 533
488 533
489 533
490 533
491 533
492 533
493 533
494 533
495 533
496 533
497 533
498 533
499 533
500 533
501 533
502 533
503 533
504 533
505 533
506 533
507 533
508 533
509 533
510 533
511 533
512 533
513 533
514 533
515 533
516 533
517 533
518 533
519 533
520 533
521 533
522 533
523 533
523 533
524 533
525 532
526 532
527 532
528 532
529 532
530 532
531 532
532 532
533 532
534 532
535 532
536 532
537 532
538 532
539 532
540 532
541 532
542 532
543 532
544 532
545 532
546 532
547 532
548 532
549 532
550 532
551 532
552 532
553 532
554 532
555 532
556 532
557 532
558 532
559 532
560 532
561 532
562 532
563 532
564 532
565 532
566 532
567 532
568 532
569 532
570 532
571 532
572 532
573 532
574 532
575 532
576 532
577 532
578 532
579 532
580 532
581 532
582 532
583 532
584 532
585 532
586 532
587 532
588 531
589 531
590 531
591 531
592 531
593 531
594 531
595 531
596 531
597 531
598 531
599 531
600 531
601 531
602 531
603 531
604 531
605 531
606 531
607 531
608 531
609 531
610 531
611 531
612 531
613 531
614 531
615 530
616 530
617 530
618 530
619 530
620 530
621 530
622 530
623 530
624 530
625 530
626 530
627 530
628 530
629 530
630 530
631 530
632 530
633 530
634 530
635 529
636 529
637 529
638 529
639 529
640 529
641 529
642 529
643 529
644 529
645 529
646 529
647 529
648 529
649 529
650 529
651 529
652 529
653 528
654 528
655 528
656 528
657 528
658 528
659 528
660 528
661 528
662 528
663 528
664 528
665 529
666 529
667 529
668 529
669 529
670 529
671 529
672 529
673 529
674 529
675 529
676 529
677 530
678 530
679 530
680 530
681 530
682 530
683 531
684 531
685 531
686 531
687 531
688 532
689 532
690 532
691 532
692 532
693 533
693 533
694 533
695 533
696 533
697 534
698 534
699 534
700 535
701 535
702 535
703 535
704 536
705 536
706 536
707 536
708 537
709 537
710 537
711 538
712 538
713 538
714 538
715 539
716 539
717 539
718 540
719 540
720 540
721 541
722 541
723 541
724 542
725 542
726 542
727 542
728 543
729 543
730 543
731 544
732 544
733 544
733 545
734 545
735 545
736 546
737 546
738 547
739 547
740 547
741 548
742 548
743 548
744 549
745 549
746 549
747 550
748 550
749 551
750 551
751 552
752 552
753 552
754 553
755 553
756 554
757 554
758 554
759 555
760 555
761 556
762 556
763 557
764 557
765 558
766 558
767 559
768 559
769 559
770 560
771 560
771 561
772 561
773 562
774 562
775 562
776 563
777 563
778 564
779 564
779 565
780 565
781 566
782 566
783 567
784 567
785 568
786 568
787 568
787 569
788 569
789 570
790 570
791 571
792 571
793 572
794 573
795 573
796 574
797 575
798 575
799 576
800 577
801 577
802 578
803 578
804 579
805 579
805 580
806 581
807 581
808 582
809 582
809 583
810 583
811 584
812 585
813 585
814 586
815 587
816 588
817 588
818 589
819 590
820 591
821 591
822 592
822 593
823 593
824 594
825 595
826 595
826 596
827 597
828 597
829 598
829 599
830 599
831 600
832 601
833 601
833 602
834 603
835 603
836 604
836 605
837 605
838 606
839 607
839 608
840 608
841 609
842 610
842 611
843 611
844 612
844 612
845 613
846 614
847 615
848 616
849 617
849 618
850 618
851 619
851 620
852 621
853 621
853 622
854 623
855 624
855 625
856 625
857 626
857 627
858 628
858 629
859 629
860 630
860 631
861 632
861 633
862 633
862 634
863 635
864 636
864 637
865 638
865 639
866 639
866 640
867 641
867 642
868 643
868 644
869 645
870 646
870 647
871 648
871 649
871 650
872 651
872 652
873 653
873 654
874 654
874 655
874 656
875 657
875 658
876 659
876 660
876 661
877 662
877 663
877 664
878 665
878 666
878 667
879 668
879 669
880 670
880 671
880 672
881 673
881 674
881 675
881 676
882 677
882 678
882 679
882 680
883 681
883 682
883 683
883 684
883 685
884 686
884 687
884 688
884 689
885 690
885 691
885 692
885 693
886 694
886 695
886 696
887 697
887 698
887 699
888 700
888 701
888 702
888 703
889 704
889 705
889 706
890 707
890 708
891 709
891 710
891 711
892 712
892 713
893 714
893 715
894 716
894 717
894 718
895 719
895 720
896 721
896 722
897 723
897 724
898 725
898 726
899 727
899 728
900 729
900 730
901 731
902 732
902 733
903 734
903 735
904 736
904 737
905 737
905 738
906 739
906 740
907 741
908 742
909 743
909 744
910 745
910 746
911 747
912 747
912 748
913 749
914 750
914 751
915 751
915 752
916 753
917 754
917 755
918 755
919 756
919 757
920 758
921 759
922 760
923 761
923 762
924 762
924 763
925 764
926 765
926 766
927 766
928 767
928 768
929 769
930 769
931 770
931 771
932 772
933 772
933 773
934 774
935 774
936 775
936 776
937 777
938 777
938 778
939 779
940 780
941 780
941 781
942 782
943 782
944 783
944 784
945 785
946 785
946 786
947 787
948 787
949 788
949 789
950 790
951 790
952 791
952 792
953 792
954 793
955 794
956 795
957 796
958 796
958 797
959 798
960 799
961 799
961 800
962 801
963 801
964 802
964 803
965 803
966 804
967 805
968 806
969 807
970 807
970 808
971 809
972 809
973 810
973 811
974 811
975 812
976 812
977 813
977 814
978 814
979 815
980 816
981 817
982 818
983 818
984 819
985 820
986 821
987 821
988 822
988 823
989 823
990 824
991 824
991 825
992 826
993 826
994 827
995 828
996 829
997 829
998 830
999 831
1000 832
1001 832
1002 833
1003 833
1004 834
1004 835
1005 835
1006 836
1007 836
1008 837
1008 838
1009 838
1010 839
1011 839
1012 840
1013 840
1013 841
1014 842
1015 842
1016 843
1017 843
1017 844
1018 844
1019 845
1020 846
1021 846
1022 847
1023 848
1024 848
1025 849
1026 849
1027 850
1028 851
1029 852
1030 852
1031 853
1032 853
1033 853
1034 854
1035 854
1036 854
1037 854
1038 854
1039 854
1041 854
1042 854
1043 854
1044 854
1046 854
1047 853
1048 853
1050 853
1051 852
1053 852
1054 851
1056 851
1058 850
1059 849
1061 848
1060 850
1061 849
1063 848
1064 847
1065 846
1066 846
1067 845
1068 844
1068 843
1069 842
1069 841
1069 840
1069 839
1070 838
1070 837
1070 836
1070 835
1070 834
1070 833
1071 832
1071 831
1071 830
1071 829
1071 828
1071 827
1072 826
1072 825
1072 824
1072 823
1072 822
1072 821
1073 820
1073 819
1073 818
1073 817
1073 816
1073 815
1074 814
1074 813
1074 812
1074 811
1074 810
1075 809
1075 808
1075 807
1075 806
1075 805
1075 804
1076 803
1076 802
1076 801
1076 800
1076 799
1076 798
1076 797
1077 796
1077 795
1077 794
1077 793
1077 792
1077 791
1077 790
1078 789
1078 788
1078 787
1078 786
1078 785
1078 784
1079 783
1079 782
1079 781
1079 780
1079 779
1079 778
1079 777
1080 776
1080 775
1080 774
1080 773
1080 772
1080 771
1080 770
1080 769
1081 768
1081 767
1081 766
1081 765
1081 764
1081 763
1081 762
1082 761
1082 760
1082 759
1082 758
1082 757
1082 756
1082 755
1082 754
1083 753
1083 752
1083 751
1083 750
1083 749
1083 748
1083 747
1083 746
1084 745
1084 744
1084 743
1084 742
1084 741
1084 740
1084 739
1084 738
1085 737
1085 736
1085 735
1085 734
1085 733
1085 732
1085 731
1085 730
1086 729
1086 728
1086 727
1086 726
1086 725
1086 724
1086 723
1086 722
1086 721
1087 720
1087 719
1087 718
1087 717
1087 716
1087 715
1087 714
1087 713
1087 712
1087 711
1088 710
1088 709
1088 708
1088 707
1088 706
1088 705
1088 704
1088 703
1088 702
1088 701
1089 700
1089 699
1089 698
1089 697
1089 696
1089 695
1089 694
1089 693
1089 692
1089 691
1090 690
1090 689
1090 688
1090 687
1090 686
1090 685
1090 684
1090 683
1090 682
1090 683
1090 682
1090 681
1090 680
1090 679
1090 678
1090 677
1090 676
1090 675
1090 674
1090 673
1090 672
1090 671
1090 670
1091 669
1091 668
1091 667
1091 666
1091 665
1091 664
1091 663
1091 662
1091 661
1091 660
1091 659
1091 658
1091 657
1091 656
1091 655
1091 654
1091 653
1091 652
1091 651
1091 650
1091 649
1091 648
1091 647
1091 646
1091 645
1091 644
1091 643
1091 642
1091 641
1091 640
1091 639
1091 638
1091 637
1091 636
1091 635
1091 634
1091 633
1091 632
1091 631
1091 630
1091 629
1091 628
1091 627
1091 626
1091 625
1091 624
1091 623
1091 622
1091 621
1091 620
1091 619
1091 618
1090 617
1090 616
1090 615
1090 614
1090 613
1090 612
1090 611
1090 610
1090 609
1090 608
1090 607
1090 606
1090 605
1090 604
1090 603
1090 602
1090 601
1090 600
1090 599
1090 598
1090 597
1090 596
1090 595
1090 594
1090 593
1090 592
1090 591
1090 590
1090 589
1090 588
1090 587
1090 586
1090 585
1090 584
1090 583
1090 582
1090 581
1090 580
1090 579
1090 578
1090 577
1090 576
1090 575
1090 574
1090 573
1090 572
1090 571
1090 570
1090 569
1090 568
1090 567
1090 566
1090 565
1090 564
1090 563
1090 562
1090 561
1090 560
1090 559
1090 558
1090 557
1090 556
1090 555
1090 554
1090 553
1090 552
1090 551
1090 550
1090 549
1090 548
1090 547
1090 546
1090 545
1090 544
1090 543
1090 542
1090 541
1090 540
1090 539
1090 538
1090 537
1090 536
1090 535
1090 534
1090 533
1090 532
1090 531
1090 530
1090 529
1090 528
1090 527
1090 526
1090 525
1090 524
1090 523
1090 522
1090 521
1090 520
1090 519
1090 518
1090 517
1090 516
1090 515
1090 514
1090 513
1090 513
1090 512
1090 511
1090 510
1090 509
1090 508
1090 507
1090 506
1090 505
1090 504
1090 503
1090 502
1090 501
1090 500
1090 499
1090 498
1090 497
1090 496
1090 495
1090 494
1090 493
1090 492
1090 491
1090 490
1090 489
1090 488
1090 487
1090 486
1090 485
1090 484
1090 483
1090 482
1090 481
1090 480
1090 479
1090 478
1090 477
1090 476
1090 475
1091 474
1091 473
1091 472
1091 471
1091 470
1091 469
1091 468
1091 467
1091 466
1091 465
1091 464
1091 463
1091 462
1091 461
1091 460
1091 459
1092 458
1092 457
1092 456
1092 455
1092 454
1092 453
1092 452
1092 451
1092 450
1092 449
1092 448
1092 447
1093 446
1093 445
1093 444
1093 443
1093 442
1093 441
1093 440
1093 439
1093 438
1093 437
1094 436
1094 435
1094 434
1094 433
1094 432
1094 431
1094 430
1094 429
1094 428
1095 427
1095 426
1095 425
1095 424
1095 423
1095 422
1095 421
1095 420
1096 419
1096 418
1096 417
1096 416
1096 415
1096 414
1096 413
1097 412
1097 411
1097 410
1097 409
1097 408
1097 407
1097 406
1098 405
1098 404
1098 403
1098 402
1098 401
1098 400
1099 399
1099 398
1099 397
1099 396
1099 395
1099 394
1100 393
1100 392
1100 391
1100 390
1100 389
1100 388
1101 387
1101 386
1101 385
1101 384
1101 383
1101 382
1101 381
1101 380
1101 379
1101 378
1101 377
1101 376
1101 375
1101 374
1101 373
1101 372
1101 371
1101 370
1101 369
1101 368
1100 367
1100 366
1100 365
1100 364
1099 363
1099 362
1099 361
1098 360
1098 359
1097 358
1097 357
1097 356
1096 355
1096 354
1095 353
1095 352
1094 351
1094 350
1093 349
1092 348
1092 347
1091 346
1090 345
1090 344
1089 343
1090 343
1089 342
1088 341
1087 340
1087 339
1086 338
1085 337
1084 336
1084 335
1083 334
1082 333
1081 333
1080 332
1080 331
1079 330
1078 330
1077 329
1076 328
1075 327
1074 326
1073 326
1072 325
1071 325
1070 324
1069 323
1068 323
1067 322
1066 322
1065 321
1064 321
1063 321
1062 320
1061 320
1060 320
1059 319
1058 319
1057 318
1056 318
1055 318
1054 317
1053 317
1052 317
1051 316
1050 316
1049 316
1048 316
1047 315
1046 315
1045 315
1044 314
1043 314
1042 314
1041 313
1040 313
1039 313
1039 312
1038 312
1037 312
1036 312
1035 311
1034 311
1033 311
1032 310
1031 310
1030 310
1029 310
1028 309
1027 309
1026 309
1025 308
1024 308
1023 308
1022 308
1021 307
1020 307
1019 307
1018 306
1017 306
1016 306
1015 305
1014 305
1013 305
1012 305
1011 304
1010 304
1009 304
1008 303
1007 303
1006 303
1005 303
1004 302
1003 302
1002 302
1001 302
1000 301
999 301
998 301
997 301
996 300
995 300
994 300
993 300
992 299
991 299
990 299
989 299
988 298
987 298
986 298
985 298
984 298
983 297
982 297
981 297
980 296
979 296
978 296
977 296
976 295
975 295
974 295
973 295
972 295
971 294
970 294
969 294
968 294
967 294
966 293
965 293
964 293
963 293
962 292
961 292
960 292
959 292
958 292
957 291
956 291
955 291
954 291
953 291
952 290
951 290
950 290
949 290
948 290
947 289
946 289
945 289
944 289
943 289
942 289
941 288
940 288
939 288
938 288
937 288
936 287
935 287
934 287
933 287
932 287
931 287
930 286
929 286
928 286
929 287
928 286
927 286
926 286
925 286
924 286
923 286
922 285
921 285
920 285
919 285
918 285
917 285
916 285
915 285
914 284
913 284
912 284
911 284
910 284
909 284
908 284
907 284
906 284
905 284
904 284
903 284
902 284
901 284
900 284
899 284
898 284
897 284
896 284
895 284
894 284
893 284
892 284
891 284
890 284
889 284
888 284
887 284
886 284
885 284
884 284
883 284
882 284
881 284
880 284
879 284
878 284
877 284
876 284
875 284
874 284
873 284
872 284
871 284
870 284
869 284
868 284
867 284
866 285
865 285
864 285
863 285
862 285
861 285
860 285
859 285
858 285
857 285
856 285
855 285
854 285
853 285
852 285
851 285
850 285
849 285
848 285
847 285
846 285
845 285
844 285
843 285
842 285
841 285
840 285
839 285
838 285
837 285
836 285
835 285
834 285
833 285
832 286
831 286
830 286
829 286
828 286
827 286
826 286
825 286
824 286
823 286
822 286
821 286
820 286
819 286
818 286
817 286
816 286
815 286
814 286
813 286
812 286
811 286
810 286
809 286
808 286
807 286
806 286
805 286
804 286
803 286
802 286
801 286
800 286
799 286
798 286
797 286
796 286
795 286
794 286
793 286
792 286
791 286
790 286
789 286
788 286
787 286
786 286
785 286
784 286
783 286
782 286
781 286
780 286
779 286
778 286
777 286
776 286
775 286
774 286
773 286
772 286
771 286
770 286
769 286
768 286
767 286
766 286
765 286
764 286
763 286
762 286
761 286
760 286
759 286
759 287
758 287
757 287
756 287
755 287
754 287
753 287
752 287
751 287
750 287
749 287
748 287
747 287
746 287
745 287
744 287
743 287
742 287
741 287
740 287
739 287
738 287
737 287
736 287
735 287
734 287
733 287
732 287
731 287
730 287
729 287
728 287
727 287
726 287
725 287
724 287
723 287
722 287
721 287
720 287
719 287
718 287
717 287
716 287
715 287
714 287
713 287
712 287
711 287
710 287
709 287
708 287
707 287
706 287
705 287
704 287
703 287
702 287
701 287
700 287
699 287
698 287
697 287
696 287
695 287
694 287
693 287
692 287
691 287
690 287
689 287
688 287
687 287
686 287
685 287
684 287
683 287
682 287
681 287
680 287
679 287
678 287
677 287
676 287
675 287
674 287
673 287
672 287
671 287
670 287
669 287
668 287
667 287
666 287
665 287
664 287
663 287
662 287
661 287
660 287
659 287
658 287
657 287
656 287
655 287
654 287
653 287
652 287
651 287
650 287
649 287
648 287
647 287
646 287
645 287
644 287
643 287
642 287
641 287
640 287
639 287
638 287
637 287
636 287
635 287
634 287
633 287
632 287
631 287
630 287
629 287
628 287
627 287
626 287
625 287
624 287
623 287
622 287
621 287
620 287
619 287
618 287
617 287
616 287
615 287
614 287
613 287
612 287
611 287
610 287
609 287
608 287
607 287
606 287
605 287
604 287
603 287
602 287
601 287
600 287
599 287
598 287
597 287
596 287
595 287
594 287
593 287
592 287
591 287
590 287
589 287
588 287
587 287
586 287
585 287
584 287
583 287
582 287
581 287
580 287
579 287
578 287
577 287
576 287
575 287
574 287
573 287
572 287
571 287
570 287
569 287
568 287
567 287
566 287
565 287
564 287
563 287
562 287
561 287
560 287
559 287
558 287
557 287
556 287
555 287
554 287
553 287
552 287
551 287
550 287
549 287
548 287
547 287
546 287
545 287
544 287
543 287
542 287
541 287
540 287
539 287
538 287
537 287
536 287
535 287
534 287
533 287
532 287
531 287
530 287
529 287
528 287
527 287
526 287
525 287
524 287
523 287
522 287
521 287
520 287
519 287
518 287
517 287
516 287
515 287
514 287
513 287
512 287
511 287
510 287
509 287
508 287
507 287
506 287
505 287
504 287
503 287
502 287
501 287
500 287
499 287
498 287
497 287
496 287
495 287
494 287
493 287
492 287
491 287
490 287
489 287
488 287
487 287
486 287
485 287
484 287
483 287
482 287
481 287
480 287
479 287
478 287
477 287
476 287
475 287
474 287
473 287
472 287
471 287
470 287
469 287
468 287
467 287
466 287
465 287
464 287
463 287
462 287
461 287
460 287
459 287
458 287
457 287
456 287
455 287
454 287
453 287
452 287
451 287
450 287
449 287
448 287
447 287
446 287
445 287
444 287
443 287
442 287
441 287
440 287
439 287
438 287
437 287
436 287
435 287
434 287
433 287
432 287
431 287
430 287
429 287
428 287
427 287
426 287
425 287
424 287
423 287
422 287
421 287
420 287
419 287
418 287
417 286
416 286
415 286
414 286
413 286
412 286
411 286
410 286
409 286
408 286
407 286
406 286
405 286
404 286
403 286
402 286
401 286
400 286
399 286
398 286
397 286
396 286
395 286
394 286
393 286
392 286
391 286
390 286
389 286
388 286
387 286
386 286
385 286
384 286
383 286
382 286
381 286
380 286
379 286
378 286
377 286
376 286
375 286
374 286
373 286
372 286
371 286
370 286
369 286
368 286
367 286
366 286
365 286
364 286
363 286
362 286
361 286
360 286
359 286
358 286
357 286
356 286
355 286
354 286
353 286
352 286
351 286
350 286
349 286
348 286
347 286
346 286
345 286
344 286
343 286
342 286
341 286
340 286
339 286
338 286
337 286
336 286
335 286
334 286
333 286
332 286
331 286
330 286
329 286
328 286
327 286
326 286
325 286
324 286
323 286
322 286
321 286
320 286
319 286
318 286
317 286
316 286
315 286
314 286
313 286
312 286
311 286
310 286
309 286
308 286
307 286
306 286
305 286
304 286
303 286
302 286
301 286
300 286
299 286
298 286
297 286
296 286
295 286
294 286
293 286
292 286
291 286
290 286
289 286
288 286
287 286
286 286
285 286
284 286
283 286
282 286
281 286
280 286
279 286
278 286
277 286
276 286
275 286
274 286
273 286
272 286
271 286
270 286
269 286
268 286
267 286
266 286
265 286
264 286
263 286
262 286
261 286
260 286
259 286
258 286
257 286
256 286
255 286
254 286
253 286
252 286
251 286
250 286
249 287
248 287
247 287
246 287
245 287
244 287
243 287
242 287
241 287
240 287
239 287
238 287
237 287
236 287
235 287
234 287
233 287
232 287
231 287
230 287
229 287
228 287
227 287
226 287
225 287
224 287
223 287
222 287
221 287
220 287
219 287
218 287
217 287
216 287
215 287
214 287
213 288
212 288
211 288
210 288
209 288
208 288
207 288
206 288
205 288
204 288
203 288
202 288
201 288
200 289
